350	 0.340949903660947
351	 0.342009225551215 
352	 0.341524561446128 
353	 0.340675953956811 
354	 0.347561389086229 
355	 0.363322476292721 
356	 0.37261813782092 
357	 0.377912763338372 
358	 0.382833897016984 
359	 0.391332308189734 
360	 0.407759378016149 
361	 0.416711832728642 
362	 0.421980138127907 
363	 0.438614742361907 
364	 0.454591690453718 
365	 0.463539457157669 
366	 0.46620570642569 
367	 0.471149187950146 
368	 0.477683261029652 
369	 0.487679914919124 
370	 0.499340800027301 
371	 0.498450578958355 
372	 0.500994978835617 
373	 0.507002179197452 
374	 0.510093998245158 
375	 0.51105902350737 
376	 0.510413338965033 
377	 0.508087681755593 
378	 0.503830110370907 
379	 0.503126716036033 
380	 0.502770863557581 
381	 0.500828663440436 
382	 0.500198094838663 
383	 0.500984659306322 
384	 0.504656408397266 
385	 0.511223849833008 
386	 0.51405450768669 
387	 0.516606173426526 
388	 0.521158560624054 
389	 0.52831828084064 
390	 0.533339101163884 
391	 0.537705874376445 
392	 0.544799380347223 
393	 0.559033589552538 
394	 0.578851511541135 
395	 0.604506774303448 
396	 0.635163766189009 
397	 0.665304116445313 
398	 0.698568214595288 
399	 0.733961363663814 
400	 0.767932476395421 
401	 0.801025975307673 
402	 0.829118810187862 
403	 0.850943700918228 
404	 0.868870578331928 
405	 0.881104080574282 
406	 0.891394748907092 
407	 0.902340037451432 
408	 0.911156705601403 
409	 0.919613113413314 
410	 0.928073988420795 
411	 0.936297878022579 
412	 0.943970370357793 
413	 0.952792813367056 
414	 0.961314947231869 
415	 0.965387961388274 
416	 0.968032051156225 
417	 0.970101954169868 
418	 0.971812904114946 
419	 0.972952026869772 
420	 0.972506641962521 
421	 0.971504300210689 
422	 0.970785303218334 
423	 0.967046751037774 
424	 0.959845862755357 
425	 0.949472578880074 
426	 0.93692579951762 
427	 0.926094079219028 
428	 0.917973041859402 
429	 0.914241914239145 
430	 0.919347572844723 
431	 0.929315916287903 
432	 0.943388471457419 
433	 0.961354519844625 
434	 0.981007177946333 
435	 0.998324444758447 
436	 1.01391203319468 
437	 1.03235945247186 
438	 1.04957797137093 
439	 1.06569929873553 
440	 1.08141805746635 
441	 1.09696050931707 
442	 1.11223046606794 
443	 1.12678674560234 
444	 1.14062730908993 
445	 1.15659112036211 
446	 1.17375423778866 
447	 1.19079287566938 
448	 1.2061925732747 
449	 1.2178230873632 
450	 1.22643750658465 
451	 1.23316136214066 
452	 1.23783923696678 
453	 1.24100209749823 
454	 1.24335235249336 
455	 1.24566645913908 
456	 1.24856279369224 
457	 1.25247578804559 
458	 1.25763617828518 
459	 1.26397197761866 
460	 1.2694806784839 
461	 1.27274764814345 
462	 1.27324234862714 
463	 1.27203528557972 
464	 1.26928354138668 
465	 1.26511386674298 
466	 1.25993089081658 
467	 1.25546933064468 
468	 1.25350303426244 
469	 1.25403299853421 
470	 1.25508567817953 
471	 1.25983080239484 
472	 1.26602408153315 
473	 1.27122173698587 
474	 1.27620010773768 
475	 1.28112966901184 
476	 1.28627274506773 
477	 1.29183253401682 
478	 1.29743123173285 
479	 1.30237652154376 
480	 1.30556631376329 
481	 1.3054982751636 
482	 1.29649006277236 
483	 1.27765022910336 
484	 1.25187507561397 
485	 1.22745033118601 
486	 1.21231159074082 
487	 1.20950258311175 
488	 1.21750321717514 
489	 1.22873806368544 
490	 1.23965311547788 
491	 1.24883316237731 
492	 1.25711985719657 
493	 1.26483632354022 
494	 1.27100259309571 
495	 1.27442343311996 
496	 1.27544829805436 
497	 1.27149756588752 
498	 1.26251461324278 
499	 1.25083541865409 
500	 1.23950102925368 
501	 1.23051442019544 
502	 1.225899949306 
503	 1.22877471812677 
504	 1.23599268679325 
505	 1.24367963017424 
506	 1.24836767043852 
507	 1.25120982950922 
508	 1.253151176256 
509	 1.25460555011522 
510	 1.25532415176213 
511	 1.25256147337722 
512	 1.24630717473836 
513	 1.23626318602148 
514	 1.21949452650574 
515	 1.19493755011551 
516	 1.16959238387906 
517	 1.15456109426718 
518	 1.15540129876968 
519	 1.16923384758109 
520	 1.18984610400667 
521	 1.20841035928516 
522	 1.2239112782728 
523	 1.23395238296005 
524	 1.23614970594763 
525	 1.22651155074535 
526	 1.21714346961403 
527	 1.2170070268298 
528	 1.23069159159445 
529	 1.24780753317423 
530	 1.25920086243069 
531	 1.2604373808557 
532	 1.25387723492293 
533	 1.250903113994 
534	 1.25333102062853 
535	 1.25797191174802 
536	 1.25907910127596 
537	 1.25547698534316 
538	 1.24687303086667 
539	 1.23377908747153 
540	 1.22368072428784 
541	 1.22025079435417 
542	 1.22409806833997 
543	 1.23175293442952 
544	 1.239032787438 
545	 1.24269445510265 
546	 1.24120386148796 
547	 1.2392502788923 
548	 1.23883108805519 
549	 1.2401789206075 
550	 1.24155867220404 
551	 1.24196053537012 
552	 1.24221685175614 
553	 1.24332448337476 
554	 1.24529827484576 
555	 1.24232146895845 
556	 1.23255503372938 
557	 1.21815583178125 
558	 1.20474872112181 
559	 1.1979677848766 
560	 1.19968475103151 
561	 1.20529684393278 
562	 1.21019662584026 
563	 1.21192318045659 
564	 1.20962544288069 
565	 1.20357038238509 
566	 1.19918380215056 
567	 1.19703846111345 
568	 1.19228871042669 
569	 1.18341956476909 
570	 1.17520598119544 
571	 1.1733722699737 
572	 1.18334422794364 
573	 1.19217724431954 
574	 1.19366881053382 
575	 1.18714028801265 
576	 1.18192868484412 
577	 1.17782365285502 
578	 1.17545662751099 
579	 1.17834900526433 
580	 1.18591902298651 
581	 1.19617637602548 
582	 1.20595949567302 
583	 1.21097687215645 
584	 1.20751432811382 
585	 1.19812642311131 
586	 1.18906918044734 
587	 1.16803785215569 
588	 1.13082289849051 
589	 1.08968790692218 
590	 1.08911043476099 
591	 1.10601465466431 
592	 1.12384280295671 
593	 1.13009720886939 
594	 1.12820259480145 
595	 1.12987730421206 
596	 1.1372791015274 
597	 1.14150372461419 
598	 1.14308101682904 
599	 1.14340148094739 
600	 1.14338342074558 
601	 1.14038300815073 
602	 1.1438102573202 
603	 1.15350156150099 
604	 1.16300553410579 
605	 1.16470460580211 
606	 1.16227352652397 
607	 1.15839845150255 
608	 1.152080698925 
609	 1.1455267837233 
610	 1.14106587619777 
611	 1.13929321384698 
612	 1.13479456241029 
613	 1.12919003393231 
614	 1.12317107742045 
615	 1.11671085915695 
616	 1.10934215096141 
617	 1.11071801333277 
618	 1.1231929679922 
619	 1.13261323676696 
620	 1.13710111074176 
621	 1.13468691624757 
622	 1.12551591073278 
623	 1.11574677428289 
624	 1.10624703971333 
625	 1.09913390248535 
626	 1.09753836412835 
627	 1.09110220200347 
628	 1.08350169348705 
629	 1.07966263398822 
630	 1.07980847777079 
631	 1.08192789152486 
632	 1.08588570375968 
633	 1.09193308166985 
634	 1.09654668617279 
635	 1.09961598814754 
636	 1.10287283049484 
637	 1.10989773043518 
638	 1.11358147004751 
639	 1.10999445762064 
640	 1.1001151288173 
641	 1.09653543120484 
642	 1.09823787641076 
643	 1.10116987458904 
644	 1.09924964285788 
645	 1.08952824978292 
646	 1.07464418654797 
647	 1.05898232407551 
648	 1.04789113648064 
649	 1.04602750159919 
650	 1.05209328582736 
651	 1.06138047540071 
652	 1.0668913644673 
653	 1.06949916042717 
654	 1.05595380181096 
655	 1.00714180264914 
656	 0.969403427922348 
657	 0.978550473736889 
658	 1.03248423735441 
659	 1.06189433742661 
660	 1.0783734574696 
661	 1.08668289073203 
662	 1.09074908104273 
663	 1.08804422188439 
664	 1.08654128150085 
665	 1.08785619263738 
666	 1.08726597475756 
667	 1.08624637471173 
668	 1.08640520704618 
669	 1.08715018141132 
670	 1.08237427875266 
671	 1.07685181151878 
672	 1.07403870528743 
673	 1.07550790774673 
674	 1.07524875367017 
675	 1.07425912478359 
676	 1.07350628167574 
677	 1.07332513167089 
678	 1.07254251191042 
679	 1.0706753834565 
680	 1.06799679278281 
681	 1.06644143160005 
682	 1.06354810734355 
683	 1.0584615375694 
684	 1.04865839875806 
685	 1.02081143269967 
686	 0.954829571502182 
687	 0.876679403956391 
688	 0.862010641828627 
689	 0.882933233909499 
690	 0.914687631314947 
691	 0.937231163460205 
692	 0.945297382797861 
693	 0.939683970640095 
694	 0.933171912749075 
695	 0.942215536622186 
696	 0.965365035651707 
697	 0.980787810152597 
698	 0.977569383764908 
699	 0.960497219397844 
700	 0.946775804814635 
701	 0.94114075887033 
702	 0.944274581507167 
703	 0.956901504405611 
704	 0.969073889747035 
705	 0.976597213228493 
706	 0.979542788534002 
707	 0.983269862961523 
708	 0.986053956630894 
709	 0.987401427831493 
710	 0.988893565596658 
711	 0.988533906908669 
712	 0.986053199839347 
713	 0.980256549577871 
714	 0.968633789735725 
715	 0.93594534452693 
716	 0.87445889204951 
717	 0.789204403042598 
718	 0.722951321131249 
719	 0.70070109378901 
720	 0.728031379076481 
721	 0.789178505348109 
722	 0.818309834964701 
723	 0.805726718437991 
724	 0.769611247355587 
725	 0.758407482726869 
726	 0.759732578202943 
727	 0.764999503916609 
728	 0.767736679010557 
729	 0.772945454595618 
730	 0.785543637270551 
731	 0.809436449482734 
732	 0.846223216455706 
733	 0.88247297521361 
734	 0.905888562768477 
735	 0.912896968357864 
736	 0.914741426414202 
737	 0.918228106841405 
738	 0.923218420683839 
739	 0.927398694534318 
740	 0.93317932568619 
741	 0.940216853740142 
742	 0.948273647744396 
743	 0.956892173842713 
744	 0.962491150036721 
745	 0.965721938038463 
746	 0.967452188113975 
747	 0.967853872064203 
748	 0.965702398064063 
749	 0.961766238986288 
750	 0.95772707731906 
751	 0.955946699277245 
752	 0.95614762335829 
753	 0.957229957326993 
754	 0.957344464108669 
755	 0.955219906749865 
756	 0.945472920375802 
757	 0.908876456646504 
758	 0.812665566918698 
759	 0.64377965405026 
760	 0.476907839810058 
761	 0.384951701715635 
762	 0.397617961842262 
763	 0.446449511622887 
764	 0.513840874751663 
765	 0.600517270632716 
766	 0.699166534360468 
767	 0.786368862081638 
768	 0.849076096316283 
769	 0.88524428175938 
770	 0.904073038461421 
771	 0.912881401804332 
772	 0.916862811160392 
773	 0.918391879575378 
774	 0.91848902132914 
775	 0.918144120567275 
776	 0.917796430401805 
777	 0.916891305277589 
778	 0.915208678479639 
779	 0.913338085137632 
780	 0.912087631329835 
781	 0.911222020777637 
782	 0.909579407497255 
783	 0.906596716218537 
784	 0.902386296583943 
785	 0.897418967558321 
786	 0.890434938942678 
787	 0.880958928815619 
788	 0.870157004585142 
789	 0.860081348992254 
790	 0.852401122492712 
791	 0.847880747228332 
792	 0.845466825774412 
793	 0.844470492984252 
794	 0.84392643613381 
795	 0.843032260997382 
796	 0.842354681737951 
797	 0.842413456605087 
798	 0.842150478086689 
799	 0.839259115315896 
800	 0.833645160106737 
801	 0.828258356880693 
802	 0.825338507145675 
803	 0.825121186854154 
804	 0.827169840161022 
805	 0.830043600481381 
806	 0.831577912320944 
807	 0.828810519702819 
808	 0.820537586904243 
809	 0.806985370640337 
810	 0.788798092638394 
811	 0.764873659566306 
812	 0.733785377438094 
813	 0.697181662160213 
814	 0.659844897528089 
815	 0.630044299004332 
816	 0.612732807134171 
817	 0.609428270047198 
818	 0.61791671767238 
819	 0.632328736935819 
820	 0.644561736093845 
821	 0.649192806244699 
822	 0.645983800386007 
823	 0.645780400085972 
824	 0.654879370927137 
825	 0.672773547976637 
826	 0.684967904953841 
827	 0.685893439366402 
828	 0.679793869550926 
829	 0.676076961153096 
830	 0.679053985066694 
831	 0.68585231838322 
832	 0.694517723811584 
833	 0.704506928055094 
834	 0.716612066124903 
835	 0.729754875125593 
836	 0.74224873106268 
837	 0.752110979527398 
838	 0.759662673780538 
839	 0.765271145379321 
840	 0.769361844686736 
841	 0.772337427689881 
842	 0.774204331868269 
843	 0.775514186436933 
844	 0.776590955186317 
845	 0.776841298935331 
846	 0.775480255419324 
847	 0.77148426648908 
848	 0.764334266942744 
849	 0.755465126456898 
850	 0.746225860211332 
851	 0.737714427035274 
852	 0.730733549472372 
853	 0.725585751180047 
854	 0.723710180710951 
855	 0.726802301568419 
856	 0.736077019437876 
857	 0.748459838717759 
858	 0.758018400813042 
859	 0.761705728223289 
860	 0.760764043318212 
861	 0.757735087069896 
862	 0.753278237429005 
863	 0.747218769808647 
864	 0.738763055070608 
865	 0.729913785136061 
866	 0.723372764808448 
867	 0.721360051077306 
868	 0.724721600169434 
869	 0.731491490230018 
870	 0.73796273245274 
871	 0.740889873573358 
872	 0.740212821428215 
873	 0.738231080408628 
874	 0.736031735830037 
875	 0.733969818976194 
876	 0.73210347545417 
877	 0.730357277765403 
878	 0.728540208248089 
879	 0.726473490071792 
880	 0.724395394450043 
881	 0.722248374696556 
882	 0.720257935156925 
883	 0.718752096654979 
884	 0.717348923933565 
885	 0.715040103540611 
886	 0.711568882439203 
887	 0.707408102360996 
888	 0.702347502057968 
889	 0.695278589669319 
890	 0.684943460828771 
891	 0.670118196668678 
892	 0.649501989524519 
893	 0.624151372194099 
894	 0.595629173197756 
895	 0.565708235333231 
896	 0.53790229601499 
897	 0.514698373335712 
898	 0.498042983147622 
899	 0.489386658107383 
900	 0.488295742290394 
901	 0.493226093443813 
902	 0.501816253516991 
903	 0.511099264537474 
904	 0.516855534166087 
905	 0.516489222059386 
906	 0.50909402039243 
907	 0.495578066284711 
908	 0.479764274326831 
909	 0.465915400563374 
910	 0.457126834138928 
911	 0.453841012586894 
912	 0.453128922879634 
913	 0.45367696913779 
914	 0.455057586539469 
915	 0.457356261276058 
916	 0.462688216983406 
917	 0.47105294680437 
918	 0.481197152809715 
919	 0.491302764028606 
920	 0.49873829659434 
921	 0.501838598790835 
922	 0.499199833509238 
923	 0.488570003144513 
924	 0.470899495672186 
925	 0.447293254254679 
926	 0.418674663432263 
927	 0.384938756650232 
928	 0.346729297410694 
929	 0.305594077120329 
930	 0.264039069713657 
931	 0.225453274006709 
932	 0.193952034968248 
933	 0.171317701673939 
934	 0.157805142542299 
935	 0.153065480384911 
936	 0.155705531555845 
937	 0.163490115153754 
938	 0.173729632994243 
939	 0.183723500633286 
940	 0.192034957785703 
941	 0.197178964427493 
942	 0.198428098749323 
943	 0.196610349545585 
944	 0.1924264107003 
945	 0.188940165505183 
946	 0.188737528614366 
947	 0.190937216367119 
948	 0.194559987316474 
949	 0.198993754161404 
950	 0.20380776076566 
951	 0.208669760036215 
952	 0.213203766838562 
953	 0.217992810700745 
954	 0.223681184552517 
955	 0.230273609669067 
956	 0.237667989359622 
957	 0.246481520549322 
958	 0.256836044569203 
959	 0.267588236420609 
960	 0.280141510492032 
961	 0.294262793996113 
962	 0.309268448832097 
963	 0.324527545644967 
964	 0.341548471268236 
965	 0.358980027199955 
966	 0.375693677523311 
967	 0.391798119782495 
968	 0.40671031152999 
969	 0.419642176273729 
970	 0.430036172685817 
971	 0.437650851238081 
972	 0.441605285093476 
973	 0.442529267174366 
974	 0.442099355771627 
975	 0.442566969574816 
976	 0.445042241992803 
977	 0.450188059449996 
978	 0.458211750885534 
979	 0.468575789801658 
980	 0.478872564086786 
981	 0.489976620189298 
982	 0.500892032491491 
983	 0.510206610471967 
984	 0.520051737270845 
985	 0.529098413627656 
986	 0.536645337107004 
987	 0.542516166766028 
988	 0.546725381520028 
989	 0.551147800125488 
990	 0.554707344270843 
991	 0.556352533512483 
992	 0.557536502479014 
993	 0.558435982253389 
994	 0.55895455165484 
995	 0.559028817185555 
996	 0.55881787895699 
997	 0.558455414505913 
998	 0.557459497414873 
999	 0.555892215432999 
1000	 0.554429489762526 
1001	 0.55756547745886 
1002	 0.55564788931977 
1003	 0.55346075668046 
1004	 0.551086174711454 
1005	 0.549352665045508 
1006	 0.547917442930159 
1007	 0.546961985559598 
1008	 0.546279704566971 
1009	 0.546241300465171 
1010	 0.545960940768654 
1011	 0.545965164371684 
1012	 0.545741389304706 
1013	 0.545503857869499 
1014	 0.545206142096809 
1015	 0.544979820514557 
1016	 0.544380294230981 
1017	 0.54344842427214 
1018	 0.542309330079471 
1019	 0.5409048758117 
1020	 0.53927153567726 
1021	 0.538166648742548 
1022	 0.537248495432075 
1023	 0.536236383956376 
1024	 0.535432499588714 
1025	 0.534454082493808 
1026	 0.533298240512234 
1027	 0.532280938017058 
1028	 0.531319317268698 
1029	 0.530163632733237 
1030	 0.529351131112261 
1031	 0.528517739667465 
1032	 0.527301971671387 
1033	 0.526247771458245 
1034	 0.525216942172193 
1035	 0.523819466632177 
1036	 0.522684410890213 
1037	 0.521568361440526 
1038	 0.520427795419225 
1039	 0.519190430317025 
1040	 0.51814794111618 
1041	 0.517182488369802 
1042	 0.516286832769553 
1043	 0.515370615019073 
1044	 0.514453883608026 
1045	 0.513301093069942 
1046	 0.511925144017683 
1047	 0.510719955529694 
1048	 0.509458034618692 
1049	 0.50829120959529 
1050	 0.507237090275784 
1051	 0.506040684296744 
1052	 0.504606079951308 
1053	 0.502869519558154 
1054	 0.500755548838709 
1055	 0.498794371984636 
1056	 0.496692386758389 
1057	 0.494463217559338 
1058	 0.492586220885105 
1059	 0.490572471422058 
1060	 0.488304562947215 
1061	 0.486193047137283 
1062	 0.48403641935054 
1063	 0.481906343659074 
1064	 0.479852348884848 
1065	 0.477638333160651 
1066	 0.475536103087431 
1067	 0.473481304647774 
1068	 0.471730451739068 
1069	 0.470159876026118 
1070	 0.469033740882519 
1071	 0.46786107090247 
1072	 0.466891305951287 
1073	 0.465906925139442 
1074	 0.464728161060877 
1075	 0.463308074997575 
1076	 0.461459877597834 
1077	 0.459441058165467 
1078	 0.456883113817358 
1079	 0.454076212276025 
1080	 0.451290688615127 
1081	 0.448127356351167 
1082	 0.445024802565258 
1083	 0.441990892208746 
1084	 0.439018397842336 
1085	 0.435935027161403 
1086	 0.432795107521164 
1087	 0.42963856412266 
1088	 0.426069208972042 
1089	 0.422103852430962 
1090	 0.417711398008697 
1091	 0.412417974416961 
1092	 0.40656605319884 
1093	 0.400058530083641 
1094	 0.393127779350303 
1095	 0.385869536002294 
1096	 0.378210367784562 
1097	 0.370548205545724 
1098	 0.362504287085979 
1099	 0.354758798593547 
1100	 0.346998750259283 
1101	 0.339443282019434 
1102	 0.332182449320521 
1103	 0.324487104763903 
1104	 0.316875389818008 
1105	 0.308456867565712 
1106	 0.299054271124214 
1107	 0.288752333318957 
1108	 0.276332202294133 
1109	 0.262438646888086 
1110	 0.245957077739292 
1111	 0.22780414649311 
1112	 0.209058615433967 
1113	 0.187464774855048 
1114	 0.16782185280413 
1115	 0.147596169042674 
1116	 0.128823330748316 
1117	 0.112177381464999 
1118	 9.76554298749387E-02 
1119	 8.60599548175685E-02 
1120	 7.63697588066662E-02 
1121	 6.90893906667916E-02 
1122	 6.36488212301494E-02 
1123	 6.04244831402847E-02 
1124	 5.90650413095592E-02 
1125	 5.84226297163441E-02 
1126	 5.96568474332909E-02 
1127	 6.10254661414213E-02 
1128	 6.34385150499989E-02 
1129	 6.60381413614766E-02 
1130	 6.92417119794245E-02 
1131	 7.28671593278566E-02 
1132	 0.076357200706789 
1133	 8.00640993104076E-02 
1134	 8.48306875981071E-02 
1135	 8.98635881503664E-02 
1136	 9.56536588361195E-02 
1137	 0.101138234415361 
1138	 0.104860963328935 
1139	 0.107534983208677 
1140	 0.108394965605035 
1141	 0.10732816138971 
1142	 0.105493470669994 
1143	 0.100660807690664 
1144	 9.79691637785843E-02 
1145	 9.36241456322493E-02 
1146	 9.23663577886088E-02 
1147	 9.28422192375146E-02 
1148	 0.094964061082703 
1149	 9.93559708243512E-02 
1150	 0.105033563926501 
1151	 0.112283958687262 
1152	 0.120627758029445 
1153	 0.12985759542445 
1154	 0.139866301322642 
1155	 0.150238139718276 
1156	 0.161793886634982 
1157	 0.172759153584799 
1158	 0.184533670604913 
1159	 0.195361287311762 
1160	 0.206619928305655 
1161	 0.216594110532174 
1162	 0.226039044417483 
1163	 0.235004545636314 
1164	 0.242652034720084 
1165	 0.249602629907595 
1166	 0.255659303310458 
1167	 0.260732882875257 
1168	 0.265108438325301 
1169	 0.26862787005518 
1170	 0.271603396734199 
1171	 0.2735920470746 
1172	 0.275341863084956 
1173	 0.276420967179361 
1174	 0.276965497782023 
1175	 0.27675804404008 
1176	 0.27642212297747 
1177	 0.275309751849006 
1178	 0.274434287035207 
1179	 0.273394910120027 
1180	 0.272409275693923 
1181	 0.271389858024504 
1182	 0.27085115849567 
1183	 0.271088963712688 
1184	 0.271791491279442 
1185	 0.273255054790479 
1186	 0.275390630144078 
1187	 0.278027839552137 
1188	 0.281615741251345 
1189	 0.284615937702923 
1190	 0.288635619030622 
1191	 0.290986443165928 
1192	 0.292883195099316 
1193	 0.29379359930656 
1194	 0.293897141421682 
1195	 0.293290573273066 
1196	 0.291574141018498 
1197	 0.289664242244893 
1198	 0.287903509554237 
1199	 0.286342840978556 
1200	 0.285949694546373 
1201	 0.286073986674471 
1202	 0.286774357915066 
1203	 0.288185246912863 
1204	 0.289572420857561 
1205	 0.29159998100275 
1206	 0.293293402746264 
1207	 0.294944338621175 
1208	 0.296717094863679 
1209	 0.298467352235485 
1210	 0.300349003799073 
1211	 0.302188579736859 
1212	 0.304335861947369 
1213	 0.306717859545024 
1214	 0.309155152107011 
1215	 0.311846551038413 
1216	 0.314575164209088 
1217	 0.316823585935359 
1218	 0.318979461231563 
1219	 0.32070931323794 
1220	 0.321953815768111 
1221	 0.323359342538041 
1222	 0.324499082561153 
1223	 0.325827023963036 
1224	 0.327119178823795 
1225	 0.328590155873766 
1226	 0.330139383868175 
1227	 0.331749832739759 
1228	 0.333663230518485 
1229	 0.335359244590473 
1230	 0.337040347801036 
1231	 0.338680793280621 
1232	 0.340139407464461 
1233	 0.341371227257501 
1234	 0.342233163895599 
1235	 0.342884317467388 
1236	 0.343171780317273 
1237	 0.343001055447226 
1238	 0.342863915314773 
1239	 0.34243900869962 
1240	 0.342062666358087 
1241	 0.341652935467755 
1242	 0.341130018808743 
1243	 0.340532112126974 
1244	 0.339854456912562 
1245	 0.339133537222458 
1246	 0.338258539093835 
1247	 0.337329982233005 
1248	 0.336268690626924 
1249	 0.33496121878446 
1250	 0.333406207729011 
1251	 0.331540603066248 
1252	 0.329498428799884 
1253	 0.326936584616779 
1254	 0.324107002106434 
1255	 0.320745918104275 
1256	 0.316857575936529 
1257	 0.312721654612523 
1258	 0.308103005704053 
1259	 0.303359609267314 
1260	 0.297950684591076 
1261	 0.293059889970663 
1262	 0.287462153789153 
1263	 0.283189808160398 
1264	 0.27907069353755 
1265	 0.276343439667126 
1266	 0.274599359097342 
1267	 0.273891869687174 
1268	 0.274653480833771 
1269	 0.276925998728491 
1270	 0.279546546316187 
1271	 0.283887827025253 
1272	 0.287359465955524 
1273	 0.291602678577641 
1274	 0.294654012950947 
1275	 0.297554448362076 
1276	 0.299568755166135 
1277	 0.300526292366857 
1278	 0.301505220266154 
1279	 0.301719429109122 
1280	 0.302205936939717 
1281	 0.302585636387947 
1282	 0.302993631570455 
1283	 0.303542261117684 
1284	 0.303964202127956 
1285	 0.30412209669341 
1286	 0.304282693129932 
1287	 0.303917231989455 
1288	 0.303348744278712 
1289	 0.302196875618619 
1290	 0.300589683072691 
1291	 0.298700687070109 
1292	 0.296341762688691 
1293	 0.293749608772097 
1294	 0.290790747580972 
1295	 0.287728896695967 
1296	 0.284394658658853 
1297	 0.280874230897919 
1298	 0.277156865357192 
1299	 0.273341446636942 
1300	 0.269255326659655 
1301	 0.265148957820243 
1302	 0.260974290457277 
1303	 0.256746048023826 
1304	 0.252465119056107 
1305	 0.248128332283499 
1306	 0.243660938465332 
1307	 0.239070264446549 
1308	 0.234559712108838 
1309	 0.229904043543424 
1310	 0.225408174414137 
1311	 0.220840865043925 
1312	 0.216662638825033 
1313	 0.212514706221397 
1314	 0.208770882051976 
1315	 0.205558231532672 
1316	 0.20226755687023 
1317	 0.199283625628292 
1318	 0.196143850577396 
1319	 0.193446137590911 
1320	 0.189990299537836 
1321	 0.186154730174788 
1322	 0.182339454012978 
1323	 0.177144057902538 
1324	 0.171185219820322 
1325	 0.164369817403115 
1326	 0.1561567028523 
1327	 0.148442335564526 
1328	 0.139343786536106 
1329	 0.132136380884825 
1330	 0.124791092916342 
1331	 0.119466929317232 
1332	 0.115625193734177 
1333	 0.112585290445356 
1334	 0.11190451084807 
1335	 0.110188476548123 
1336	 0.1098391677504 
1337	 0.107724392090891 
1338	 0.105146599053163 
1339	 0.101059916181913 
1340	 9.55164331490729E-02 
1341	 8.85980298900626E-02 
1342	 0.080970226532694 
1343	 7.14101833491484E-02 
1344	 6.24253701977896E-02 
1345	 5.21526227610745E-02 
1346	 4.31663237406568E-02 
1347	 3.38774527330967E-02 
1348	 2.61072745120105E-02 
1349	 1.93101429899374E-02 
1350	 1.36322019442053E-02 
1351	 9.56608493154068E-03 
1352	 6.06483741814496E-03 
1353	 4.2726751370307E-03 
1354	 2.45637214236086E-03 
1355	 1.62837643692878E-03 
1356	 8.10165482174122E-04 
1357	 4.84355512214631E-04 
1358	 1.67688759226511E-04 
1359	 1.80613249313467E-04 
1360	 1.15697696883542E-04 
1361	 1.19784048556254E-04 
1362	 1.0585419360018E-04 
1363	 8.81660980601309E-05 
1364	 6.38806003126659E-05 
1365	 4.16073397659563E-05 
1366	 1.04449273636578E-05 
1367	 2.19963951858335E-06 
1368	 1.28558841478787E-05 
1369	 6.01487656380945E-06 
1370	 6.5137084817937E-06 
1371	-3.37550107698647E-07 
1372	-5.95240704300256E-05 
1373	-3.86353785279155E-05 
1374	 5.73450495121014E-05 
1375	 9.38285153363166E-05 
1376	 1.52930242015732E-04 
1377	 1.81822269149132E-04 
1378	 1.14311494282078E-04 
1379	 1.3086312298831E-04 
1380	 2.15424069164935E-04 
1381	 2.69302367737764E-04 
1382	 3.96608940879741E-04 
1383	 4.34920868990642E-04 
1384	 4.16741274563055E-04 
1385	 3.23242165842631E-04 
1386	 2.74555835814608E-04 
1387	 1.77962166402498E-04 
1388	 1.15794210632159E-04 
1389	 6.6380419707828E-05 
1390	 5.72851401360619E-05 
1391	 7.50967311640774E-05 
1392	 6.5126773948798E-05 
1393	 6.85536606391899E-05 
1394	 9.06884675221403E-05 
1395	 8.92025071442225E-05 
1396	 1.12783008135266E-04 
1397	 2.28524388947997E-04 
1398	 2.58781127438368E-04 
1399	 2.10625846529566E-04 
1400	 2.06979925471878E-04 
1401	 1.77688043446695E-04 
1402	 1.81285229210263E-04 
1403	 2.16822155958682E-04 
1404	 2.67804711102382E-04 
1405	 3.01565609732815E-04 
1406	 3.78714089757104E-04 
1407	 4.75995026842321E-04 
1408	 5.66797065870585E-04 
1409	 7.56155844411265E-04 
1410	 1.02042840890812E-03 
1411	 1.24274885437502E-03 
1412	 1.55511137998244E-03 
1413	 1.73833624465931E-03 
1414	 1.80128299397491E-03 
1415	 1.98805455008702E-03 
1416	 2.12486365417709E-03 
1417	 2.39492465794178E-03 
1418	 2.73535216345015E-03 
1419	 3.18410381620766E-03 
1420	 3.7092659649461E-03 
1421	 4.32659010049584E-03 
1422	 5.0703583450631E-03 
1423	 5.84750268690586E-03 
1424	 6.8073812500433E-03 
1425	 7.59886585197236E-03 
1426	 8.48281390397331E-03 
1427	 9.12083610899513E-03 
1428	 9.58348624809438E-03 
1429	 9.89493682915997E-03 
1430	 1.01581506243386E-02 
1431	 1.02420976404466E-02 
1432	 0.010292176466534 
1433	 0.010245171938707 
1434	 1.02210918001569E-02 
1435	 1.00259082892182E-02 
1436	 1.01107159657562E-02 
1437	 0.010212325216763 
1438	 1.05680271478045E-02 
1439	 1.10662573758509E-02 
1440	 1.17788496719806E-02 
1441	 1.26913354119155E-02 
1442	 0.013729090237455 
1443	 1.49404241934055E-02 
1444	 1.62826183218345E-02 
1445	 0.017726287513397 
1446	 1.93598072958504E-02 
1447	 2.11207256758999E-02 
1448	 2.30962510084714E-02 
1449	 2.51870951398884E-02 
1450	 2.75637946005275E-02 
1451	 3.03227457403338E-02 
1452	 0.033045871526279 
1453	 0.036055340507812 
1454	 3.90400608822084E-02 
1455	 4.17587393975223E-02 
1456	 4.41326171853891E-02 
1457	 4.58121216445971E-02 
1458	 4.71983501691122E-02 
1459	 4.75655035553809E-02 
1460	 4.72173598117432E-02 
1461	 4.62967176488461E-02 
1462	 0.044462043857347 
1463	 0.042590721552414 
1464	 4.00121689550296E-02 
1465	 3.78401025334999E-02 
1466	 3.50975569833327E-02 
1467	 0.033441805800327 
1468	 3.19630372152153E-02 
1469	 0.031418830725712 
1470	 3.16831318658393E-02 
1471	 3.23979243518265E-02 
1472	 3.40024991035544E-02 
1473	 3.55703221338505E-02 
1474	 3.77884049110108E-02 
1475	 0.039688602021235 
1476	 4.15430500526209E-02 
1477	 4.34330345571317E-02 
1478	 4.51092957745004E-02 
1479	 4.70614513009786E-02 
1480	 4.90050300513753E-02 
1481	 5.12692486161779E-02 
1482	 5.38816105163101E-02 
1483	 5.68472835402891E-02 
1484	 6.02792148121911E-02 
1485	 6.42050997946765E-02 
1486	 6.86059085239946E-02 
1487	 7.34870626496363E-02 
1488	 7.87015757725163E-02 
1489	 8.45533668571557E-02 
1490	 9.02648333135053E-02 
1491	 9.64210191931865E-02 
1492	 0.102104479551088 
1493	 0.107913138829887 
1494	 0.113151568666058 
1495	 0.118255802944515 
1496	 0.122682669399203 
1497	 0.126702080807556 
1498	 0.130199208263883 
1499	 0.133014641228483 
1500	 0.135678328698373 
1501	 0.137704946887586 
1502	 0.139975840811592 
1503	 0.141827462611193 
1504	 0.144220654005294 
1505	 0.146915528555522 
1506	 0.149678508122105 
1507	 0.152900910698406 
1508	 0.155866922699253 
1509	 0.158980980406171 
1510	 0.161713508886764 
1511	 0.164342787491076 
1512	 0.166617148428003 
1513	 0.16848953279301 
1514	 0.170144624487775 
1515	 0.171745601453558 
1516	 0.173295902599584 
1517	 0.174984310863539 
1518	 0.176752952138972 
1519	 0.178527493427612 
1520	 0.180426308188737 
1521	 0.182088004435658 
1522	 0.183787362355681 
1523	 0.185185191307497 
1524	 0.186354995654471 
1525	 0.187444693213822 
1526	 0.188350401467646 
1527	 0.189219544681171 
1528	 0.189951459510231 
1529	 0.190693617020486 
1530	 0.191352729978616 
1531	 0.19203829697098 
1532	 0.192757039531115 
1533	 0.193369358195642 
1534	 0.193979081979127 
1535	 0.194461489326993 
1536	 0.194816199759634 
1537	 0.195147531166954 
1538	 0.195380728192236 
1539	 0.195620555463602 
1540	 0.19580808283436 
1541	 0.196014280567908 
1542	 0.19622042662073 
1543	 0.196413188768072 
1544	 0.19668193367993 
1545	 0.196812923530288 
1546	 0.196882213757578 
1547	 0.196884019941747 
1548	 0.19679593731775 
1549	 0.196627312666928 
1550	 0.196378136719185 
1551	 0.196086582011638 
1552	 0.195728370751498 
1553	 0.19524250733159 
1554	 0.194852066079946 
1555	 0.194471479272686 
1556	 0.194044663501341 
1557	 0.193638752920154 
1558	 0.193159520055242 
1559	 0.192660219906975 
1560	 0.192025321913958 
1561	 0.191402700387569 
1562	 0.190492545245044 
1563	 0.189438436995166 
1564	 0.188149245825446 
1565	 0.1866144783629 
1566	 0.184986404239253 
1567	 0.183107673488198 
1568	 0.181271173338877 
1569	 0.179204813518345 
1570	 0.177426514186738 
1571	 0.175549846376045 
1572	 0.174120815028392 
1573	 0.172845500526373 
1574	 0.17203583114333 
1575	 0.171592250956224 
1576	 0.171463879459478 
1577	 0.171830101537236 
1578	 0.172274885938561 
1579	 0.173095971223583 
1580	 0.173860170434445 
1581	 0.174889038020804 
1582	 0.17569302871916 
1583	 0.176545574412185 
1584	 0.17715707456841 
1585	 0.177609933083943 
1586	 0.177900819209749 
1587	 0.17793718266227 
1588	 0.177967001544498 
1589	 0.177834676534408 
1590	 0.177709651794305 
1591	 0.177647421010068 
1592	 0.177402718129799 
1593	 0.177131494241782 
1594	 0.176646412158642 
1595	 0.175978411713578 
1596	 0.175152799553484 
1597	 0.174042724591363 
1598	 0.172947558109892 
1599	 0.17177938268291 
1600	 0.170409092462846 
1601	 0.169343617103854 
1602	 0.168282593326863 
1603	 0.167537556184952 
1604	 0.166983899095254 
1605	 0.166614616385122 
1606	 0.166479589749064 
1607	 0.166424117212748 
1608	 0.166537307957315 
1609	 0.166750989576637 
1610	 0.167106486294839 
1611	 0.167532949379402 
1612	 0.168108162892411 
1613	 0.168687735837287 
1614	 0.169387609720013 
1615	 0.169986919728135 
1616	 0.170653811060667 
1617	 0.171147387842934 
1618	 0.171539046685444 
1619	 0.171894676372923 
1620	 0.172141415126431 
1621	 0.172399228348901 
1622	 0.172640681668144 
1623	 0.172817206023901 
1624	 0.173002399723272 
1625	 0.173017643467615 
1626	 0.1729733628092 
1627	 0.172746865261806 
1628	 0.172375099744544 
1629	 0.171851495967262 
1630	 0.171157177138879 
1631	 0.170356337383007 
1632	 0.169362266745353 
1633	 0.1683409776629 
1634	 0.167173755528072 
1635	 0.166029501593624 
1636	 0.164765208210093 
1637	 0.163616547832617 
1638	 0.162420418989145 
1639	 0.161397119513915 
1640	 0.160446884713568 
1641	 0.159652550303007 
1642	 0.159030060289503 
1643	 0.158470106735098 
1644	 0.158105865834789 
1645	 0.157692612481801 
1646	 0.157348497729194 
1647	 0.156990678596837 
1648	 0.156641759067501 
1649	 0.156278538140532 
1650	 0.155921958625481 
1651	 0.155561618074604 
1652	 0.155156184126122 
1653	 0.15481014706926 
1654	 0.154476998445576 
1655	 0.15419794302373 
1656	 0.154078918797994 
1657	 0.153792186850643 
1658	 0.153551317333613 
1659	 0.1530924943885 
1660	 0.152405052342161 
1661	 0.151599651957901 
1662	 0.1504605154065 
1663	 0.149354975854895 
1664	 0.147980639484866 
1665	 0.146647850898006 
1666	 0.145194238956683 
1667	 0.143769698389494 
1668	 0.142231792493155 
1669	 0.140766648539511 
1670	 0.139646827226815 
1671	 0.138197878862072 
1672	 0.136868509081236 
1673	 0.135265602138676 
1674	 0.133378199575967 
1675	 0.131628144788515 
1676	 0.129987313701333 
1677	 0.128773690977685 
1678	 0.128049822220774 
1679	 0.127629748426966 
1680	 0.127891151675708 
1681	 0.128002750931072 
1682	 0.128326070592897 
1683	 0.128528987993377 
1684	 0.128737347700132 
1685	 0.128791396622579 
1686	 0.128732032300594 
1687	 0.12868696832803 
1688	 0.128632063101061 
1689	 0.128469307272943 
1690	 0.128190702419911 
1691	 0.128009799678304 
1692	 0.127806704529756 
1693	 0.127546037686151 
1694	 0.127323560498933 
1695	 0.12717376044864 
1696	 0.126695708450618 
1697	 0.126228683250544 
1698	 0.125812446794544 
1699	 0.125281270377272 
1700	 0.124813854698672 
1701	 0.124393877410282 
1702	 0.123889749116053 
1703	 0.123290055413708 
1704	 0.12270851291829 
1705	 0.121938579342367 
1706	 0.120941355605193 
1707	 0.119885680302795 
1708	 0.118700750282468 
1709	 0.117597599280494 
1710	 0.116535805452418 
1711	 0.115608740660866 
1712	 0.114943835361798 
1713	 0.114279913236243 
1714	 0.11393148237833 
1715	 0.113822264671391 
1716	 0.113650584121174 
1717	 0.113336844628837 
1718	 0.112964025376757 
1719	 0.112359995448316 
1720	 0.111491401059916 
1721	 0.110693362169719 
1722	 0.109708454629829 
1723	 0.108827027775033 
1724	 0.107756538709082 
1725	 0.107149329100717 
1726	 0.106988210272085 
1727	 0.106572022872548 
1728	 0.10649252789432 
1729	 0.106035154082843 
1730	 0.105179877413594 
1731	 0.10428613845987 
1732	 0.103195634856153 
1733	 0.102134232909922 
1734	 0.100821855343603 
1735	 0.099752058354247 
1736	 9.87578132351885E-02 
1737	 9.78490767145322E-02 
1738	 9.72079438603074E-02 
1739	 9.64662231738948E-02 
1740	 9.57003102457313E-02 
1741	 9.50666326177277E-02 
1742	 9.44118545817156E-02 
1743	 9.39505498183839E-02 
1744	 9.37222929475563E-02 
1745	 9.34724177433139E-02 
1746	 9.31878223971209E-02 
1747	 9.31954996381802E-02 
1748	 9.34198559933935E-02 
1749	 9.35111780949592E-02 
1750	 9.39386351050081E-02 
1751	 9.39049178698773E-02 
1752	 9.36157974573563E-02 
1753	 9.31852352152661E-02 
1754	 0.092556107993689 
1755	 9.17852497445289E-02 
1756	 9.07626450785477E-02 
1757	 8.98665909726091E-02 
1758	 8.89008252746303E-02 
1759	 8.78834489250464E-02 
1760	 8.69461230819253E-02 
1761	 8.58001662255573E-02 
1762	 8.45633240174524E-02 
1763	 0.083205134415834 
1764	 8.16780155213733E-02 
1765	 8.00726804650534E-02 
1766	 7.80921338311712E-02 
1767	 7.66445639532753E-02 
1768	 7.53347329474827E-02 
1769	 7.40614385075562E-02 
1770	 7.29740724090674E-02 
1771	 7.14390902318401E-02 
1772	 6.96701873611354E-02 
1773	 6.75505418243812E-02 
1774	 6.53125102062953E-02 
1775	 6.29878544838807E-02 
1776	 6.06421378930174E-02 
1777	 0.058607465676157 
1778	 5.66817105784663E-02 
1779	 5.49318523309717E-02 
1780	 5.31934507381049E-02 
1781	 5.15571596121164E-02 
1782	 4.99953324461841E-02 
1783	 4.85097129974689E-02 
1784	 4.71600477555085E-02 
1785	 4.56897120872175E-02 
1786	 4.41625001901121E-02 
1787	 4.26814331044378E-02 
1788	 4.10153453108764E-02 
1789	 3.92190366435086E-02 
1790	 3.72473188721222E-02 
1791	 3.48047975620419E-02 
1792	 3.21868005384413E-02 
1793	 2.94799524750403E-02 
1794	 2.68008707300067E-02 
1795	 2.43080767951571E-02 
1796	 2.20215034413552E-02 
1797	 1.98780447298269E-02 
1798	 1.79033615040457E-02 
1799	 1.61768795541558E-02 
1800	 1.44530898863075E-02 
1801	 1.21873743528768E-02 
1802	 1.05800549620436E-02 
1803	 9.08892091998414E-03 
1804	 7.80249302191795E-03 
1805	 6.71760022058575E-03 
1806	 5.81558618124995E-03 
1807	 5.0011659015926E-03 
1808	 4.40173557142958E-03 
1809	 3.81117014733803E-03 
1810	 3.25912844451769E-03 
1811	 2.81386411512785E-03 
1812	 2.5172499121845E-03 
1813	 2.20324011280585E-03 
1814	 1.93756527302193E-03 
1815	 1.72966860977523E-03 
1816	 1.42348890464666E-03 
1817	 9.56623330859882E-04 
1818	 7.05337995926418E-04 
1819	 4.85281668944201E-04 
1820	 3.06711515349115E-04 
1821	 3.53791900819556E-04 
1822	 3.71559888247477E-04 
1823	 3.53505229192163E-04 
1824	 3.56151045097242E-04 
1825	 3.28162086854996E-04 
1826	 2.87140767924934E-04 
1827	 2.60056593990127E-04 
1828	 2.29357593190562E-04 
1829	 1.69330771702791E-04 
1830	 1.63843333458229E-04 
1831	 1.07363087794184E-04 
1832	 9.03276780499272E-05 
1833	 1.10296812953638E-04 
1834	 7.89786874558576E-05 
1835	 8.15703462378408E-05 
1836	 7.93986377504186E-05 
1837	 5.48351347159608E-05 
1838	 5.72472609345391E-05 
1839	 9.35201100856898E-05 
1840	 1.07555187261524E-04 
1841	 9.9917202612792E-05 
1842	 7.83719373696182E-05 
1843	 9.1198976606228E-05 
1844	 9.94421027017239E-05 
1845	 1.27583909013558E-04 
1846	 1.59489329256221E-04 
1847	 1.67438986040248E-04 
1848	 1.54827191113035E-04 
1849	 1.31912699600695E-04 
1850	 8.92169063567156E-05 
1851	 1.6767040245409E-04 
1852	 2.24515134283668E-04 
1853	 1.99991121653162E-04 
1854	 2.14369989508046E-04 
1855	 1.0889553130422E-04 
1856	-1.28594988231592E-06 
1857	-4.72187454697741E-05 
1858	-4.73102418859288E-05 
1859	-2.68521962082421E-05 
1860	 1.44660665283345E-05 
1861	 4.42434338688335E-05 
1862	 7.66153760486042E-05 
1863	 6.13034604647996E-05 
1864	 5.29882757208016E-07 
1865	-6.98568159363426E-05 
1866	-7.89976216953075E-05 
1867	-8.96498407175279E-05 
1868	-9.10747956788316E-05 
1869	-1.00699875850316E-04 
1870	-3.93100851985991E-05 
1871	-3.59535112369031E-05 
1872	-7.07209714944819E-05 
1873	-1.44061474989294E-06 
1874	 4.11620486181418E-05 
1875	 5.59343228871671E-05 
1876	 9.54619934167304E-05 
1877	 1.025469897033E-04 
1878	 7.51241933697468E-05 
1879	 7.05500195550372E-05 
1880	 6.23231257845908E-05 
1881	 5.66610439077161E-05 
1882	 1.14216402735232E-04 
1883	 1.17728110301786E-04 
1884	 1.0983206896005E-04 
1885	 1.21902827563866E-04 
1886	 8.20772800279978E-05 
1887	 3.64879061622794E-05 
1888	 3.6655860964507E-05 
1889	 6.67022798474658E-05 
1890	 9.57759129675698E-05 
1891	 1.14310147439542E-04 
1892	 1.47234499707416E-04 
1893	 1.1431810870295E-04 
1894	 5.31695174278309E-05 
1895	 5.52314875052798E-05 
1896	 5.41498841964227E-05 
1897	 5.23946052592633E-05 
1898	 1.12001842971779E-04 
1899	 1.23631348989788E-04 
1900	 1.26788536785924E-04 
1901	 5.93598299255231E-05 
1902	 8.99674669026754E-06 
1903	-4.77889480581099E-05 
1904	-1.030364579999E-04 
1905	-2.69235243991714E-05 
1906	 5.89787239184808E-05 
1907	 7.98807164291129E-05 
1908	 1.12590744869458E-04 
1909	 1.18011598944929E-04 
1910	 1.28722939178262E-04 
1911	 1.33143072119292E-04 
1912	 1.80306217034163E-04 
1913	 1.75965344735885E-04 
1914	 1.76555566899555E-04 
1915	 1.61469111903391E-04 
1916	 1.35820356465381E-04 
1917	 1.82903365466462E-04 
1918	 2.70522519186187E-04 
1919	 2.99918371251709E-04 
1920	 3.42555498024702E-04 
1921	 3.61927064312927E-04 
1922	 3.26781678092271E-04 
1923	 2.89834911234575E-04 
1924	 2.44361077513914E-04 
1925	 2.1483291545882E-04 
1926	 1.74981070432825E-04 
1927	 1.6549005852273E-04 
1928	 1.81607362893067E-04 
1929	 2.03544198178359E-04 
1930	 2.19890971384111E-04 
1931	 1.95133328298721E-04 
1932	 2.44774347878939E-04 
1933	 3.07471583802292E-04 
1934	 4.12235643326558E-04 
1935	 5.55681230592092E-04 
1936	 7.6486897943433E-04 
1937	 9.29096018247686E-04 
1938	 1.15441889799641E-03 
1939	 1.43609454309893E-03 
1940	 1.6773097850002E-03 
1941	 1.9374359413826E-03 
1942	 2.24711669587357E-03 
1943	 2.50992321888311E-03 
1944	 2.74221669608884E-03 
1945	 2.99259219690532E-03 
1946	 3.2499248176083E-03 
1947	 3.50478686396966E-03 
1948	 3.73349931101972E-03 
1949	 3.93146899464785E-03 
1950	 4.04339385859979E-03 
1951	 4.11805286088125E-03 
1952	 4.20440885594978E-03 
1953	 4.1961229788309E-03 
1954	 4.31984171838545E-03 
1955	 4.38218341052542E-03 
1956	 4.68608189085841E-03 
1957	 4.9993609942278E-03 
1958	 5.6388952452532E-03 
1959	 6.46750436815329E-03 
1960	 7.55623134645835E-03 
1961	 8.93918076450988E-03 
1962	 1.05369765766895E-02 
1963	 1.22850159357533E-02 
1964	 1.43604505925747E-02 
1965	 0.016325225085107 
1966	 1.85327508033626E-02 
1967	 2.05085668824126E-02 
1968	 2.24788945474846E-02 
1969	 0.024321223714073 
1970	 2.60441786575792E-02 
1971	 0.027686493173755 
1972	 2.92774868825842E-02 
1973	 3.08135647061144E-02 
1974	 0.032381265628136 
1975	 3.39444843553307E-02 
1976	 3.54664027890736E-02 
1977	 3.70151485142826E-02 
1978	 3.84658123407927E-02 
1979	 3.99251228604096E-02 
1980	 4.12138538562027E-02 
1981	 4.24889240149491E-02 
1982	 4.35261987599801E-02 
1983	 4.44166027362231E-02 
1984	 4.50995163081674E-02 
1985	 4.55972979479216E-02 
1986	 4.59845833765112E-02 
1987	 4.61890049169519E-02 
1988	 4.62970938997249E-02 
1989	 4.60786674881496E-02 
1990	 4.58235807852899E-02 
1991	 4.49606448643279E-02 
1992	 4.38620872934212E-02 
1993	 0.042119260051566 
1994	 3.97354038397196E-02 
1995	 3.70355571625071E-02 
1996	 0.033701538510685 
1997	 3.00864427704055E-02 
1998	 0.02662118545447 
1999	 2.25917890025892E-02 
2000	 1.95384561147906E-02 
2001	 0.016495082139716 
2002	 0.014442973875348 
2003	 1.30593289010456E-02 
2004	 1.21922586690288E-02 
2005	 1.22895536724015E-02 
2006	 1.23337075338421E-02 
2007	 1.31119084035045E-02 
2008	 1.35669577833575E-02 
2009	 1.41131252959588E-02 
2010	 1.45498122936656E-02 
2011	 1.48732384490471E-02 
2012	 1.49389678992506E-02 
2013	 1.53107411030038E-02 
2014	 1.54752182647702E-02 
2015	 1.62534296937435E-02 
2016	 1.71828409266348E-02 
2017	 1.86777469700543E-02 
2018	 2.07297242693021E-02 
2019	 2.29958680653963E-02 
2020	 2.59436236431797E-02 
2021	 2.87520395962946E-02 
2022	 3.18141946777815E-02 
2023	 3.48941944697903E-02 
2024	 3.77700962171357E-02 
2025	 4.06522384594505E-02 
2026	 4.32663818669602E-02 
2027	 4.57476918197652E-02 
2028	 4.80162571624155E-02 
2029	 5.01235047097847E-02 
2030	 0.051984752732431 
2031	 5.36760010336149E-02 
2032	 5.50647821727007E-02 
2033	 5.61741735927076E-02 
2034	 0.057045598845876 
2035	 5.76845984038065E-02 
2036	 5.79884723841328E-02 
2037	 5.81013434135164E-02 
2038	 5.79134595630939E-02 
2039	 0.057659634541742 
2040	 5.71463720353244E-02 
2041	 5.66103282181269E-02 
2042	 5.60519840177459E-02 
2043	 0.055217711271183 
2044	 5.43069099773664E-02 
2045	 0.053057516507441 
2046	 5.14926428984899E-02 
2047	 4.97760418435447E-02 
2048	 4.77177945204189E-02 
2049	 4.55212363106723E-02 
2050	 4.35156422389213E-02 
2051	 4.12252968403858E-02 
2052	 0.039617162019657 
2053	 3.81150095802172E-02 
2054	 3.72632861848404E-02 
2055	 3.69633330098192E-02 
2056	 3.68747222834634E-02 
2057	 3.75100687622938E-02 
2058	 3.78744693485825E-02 
2059	 3.85906540576125E-02 
2060	 3.89770093373263E-02 
2061	 3.92061850445482E-02 
2062	 3.93860156610569E-02 
2063	 0.039377487228597 
2064	 3.93238382001764E-02 
2065	 3.94160139993289E-02 
2066	 3.94045454530741E-02 
2067	 0.039771848226505 
2068	 0.040253451405272 
2069	 4.10122585375486E-02 
2070	 4.20728135029126E-02 
2071	 4.31907314721571E-02 
2072	 4.45556402326792E-02 
2073	 4.58744766200365E-02 
2074	 4.73599366889579E-02 
2075	 4.87166119064973E-02 
2076	 5.01572673606731E-02 
2077	 5.13890202992925E-02 
2078	 5.25018406909147E-02 
2079	 5.35706204104987E-02 
2080	 5.43573407485525E-02 
2081	 5.49391224196693E-02 
2082	 5.54397758627335E-02 
2083	 5.56994256351798E-02 
2084	 5.60264290123955E-02 
2085	 5.62825380879943E-02 
2086	 5.65295376944536E-02 
2087	 5.67210867414416E-02 
2088	 0.05694603350971 
2089	 5.71969799832636E-02 
2090	 5.73852239362411E-02 
2091	 5.76014253132111E-02 
2092	 5.77387335044909E-02 
2093	 5.78173888761867E-02 
2094	 5.78192620514063E-02 
2095	 0.057796596575805 
2096	 5.77124392781449E-02 
2097	 5.76397190123288E-02 
2098	 5.74662809017417E-02 
2099	 5.74388272205832E-02 
2100	 5.74372312961907E-02 
2101	 5.75092049823394E-02 
2102	 5.77338174912202E-02 
2103	 5.78691621698989E-02 
2104	 5.80435013556771E-02 
2105	 5.81538548518045E-02 
2106	 5.82256231207758E-02 
2107	 5.82581877240304E-02 
2108	 5.82540714839451E-02 
2109	 5.82278607029748E-02 
2110	 5.81260231245549E-02 
2111	 5.79522623776492E-02 
2112	 5.77908960026327E-02 
2113	 5.75860031737534E-02 
2114	 5.73678618497367E-02 
2115	 5.71116515241851E-02 
2116	 5.69002361727844E-02 
2117	 5.66411074536134E-02 
2118	 0.056461388011894 
2119	 5.63147804795362E-02 
2120	 5.62373511027544E-02 
2121	 5.61925002686674E-02 
2122	 5.62219809819795E-02 
2123	 5.63648059549381E-02 
2124	 5.65093444674901E-02 
2125	 5.66889557148015E-02 
2126	 5.69492385375636E-02 
2127	 5.71297361758349E-02 
2128	 5.73205762112839E-02 
2129	 5.74618813454113E-02 
2130	 5.75751564419142E-02 
2131	 5.76442265610862E-02 
2132	 5.76765897652128E-02 
2133	 5.76853312280542E-02 
2134	 5.76510864422808E-02 
2135	 5.75906393426481E-02 
2136	 5.74729624621363E-02 
2137	 5.73863935415065E-02 
2138	 5.72956951632586E-02 
2139	 5.71802098777454E-02 
2140	 5.71027589634332E-02 
2141	 5.69656363369623E-02 
2142	 5.67867686750554E-02 
2143	 5.65820071706223E-02 
2144	 0.056262746241157 
2145	 5.59000770245926E-02 
2146	 5.54132122472117E-02 
2147	 5.47431236183383E-02 
2148	 5.41559715360228E-02 
2149	 5.34220410636987E-02 
2150	 0.0528950207896 
2151	 5.24286040004805E-02 
2152	 5.20616303275634E-02 
2153	 5.18704648459072E-02 
2154	 5.16492934409271E-02 
2155	 5.15669294272618E-02 
2156	 0.051365308598745 
2157	 5.11761004607451E-02 
2158	 5.08870830235486E-02 
2159	 5.05190571811569E-02 
2160	 5.00427861331495E-02 
2161	 4.95598410075803E-02 
2162	 4.89342199839384E-02 
2163	 0.048500492064079 
2164	 4.80029154469884E-02 
2165	 4.77923979319362E-02 
2166	 4.78030718997137E-02 
2167	 0.047837717376244 
2168	 4.81294075682234E-02 
2169	 4.82841363493042E-02 
2170	 4.85168933887964E-02 
2171	 4.86174112003358E-02 
2172	 4.86584547599465E-02 
2173	 4.86362367596771E-02 
2174	 4.85130976685007E-02 
2175	 4.83496361437199E-02 
2176	 4.81566264790021E-02 
2177	 4.78559181094639E-02 
2178	 4.74649031945803E-02 
2179	 4.69456503903648E-02 
2180	 4.64724278526391E-02 
2181	 4.58806333236156E-02 
2182	 4.53921990417733E-02 
2183	 4.48877584922572E-02 
2184	 4.45379721433772E-02 
2185	 4.42200998909609E-02 
2186	 4.40684304701569E-02 
2187	 4.41646177970288E-02 
2188	 0.044210172316811 
2189	 4.44516510527581E-02 
2190	 4.45283380303449E-02 
2191	 4.46756577391174E-02 
2192	 0.044591345587821 
2193	 4.42763063531193E-02 
2194	 4.39441313753597E-02 
2195	 0.043372790655676 
2196	 4.28412673968592E-02 
2197	 4.21332814540528E-02 
2198	 4.16132808062634E-02 
2199	 4.11764877927251E-02 
2200	 4.07444215790739E-02 
2201	 4.05545969341463E-02 
2202	 4.06966284135276E-02 
2203	 4.07000293598315E-02 
2204	 4.08389836131073E-02 
2205	 4.09239917552971E-02 
2206	 4.09554783611429E-02 
2207	 4.11430428694496E-02 
2208	 4.15282784520421E-02 
2209	 0.041776216128609 
2210	 4.21691765154989E-02 
2211	 4.23644859527222E-02 
2212	 4.23210041493824E-02 
2213	 4.22843464152581E-02 
2214	 4.19501280676409E-02 
2215	 4.18256825633388E-02 
2216	 4.17563898895127E-02 
2217	 4.16553902694953E-02 
2218	 4.19038911845882E-02 
2219	 4.18960712138895E-02 
2220	 4.12050893223837E-02 
2221	 0.040938320938768 
2222	 4.08447791993855E-02 
2223	 4.09718332355422E-02 
2224	 4.08736480958437E-02 
2225	 4.15180558443126E-02 
2226	 4.21196640486708E-02 
2227	 4.01345229976555E-02 
2228	 4.39669579735041E-02 
2229	 6.18000969123685E-02 
2230	 7.05718949001353E-02 
2231	 7.55881827251396E-02 
2232	 8.16227311199126E-02 
2233	 5.08308768212582E-02 
2234	 4.35978928471001E-02 
2235	 6.14040588085934E-02 
2236	 6.12215325312731E-02 
2237	 5.75493793540044E-02 
2238	 5.20710914235481E-02 
2239	 3.75097576521083E-02 
2240	 2.74512837069706E-02 
2241	 7.20143251102139E-03 
2242	 3.66120071252712E-03 
2243	 2.20464458051788E-02 
2244	 2.75865871798129E-02 
2245	 5.16817582607462E-02 
2246	 5.50931552000578E-02 
2247	 5.89602911057732E-02 
2248	 3.14114780661093E-02 
2249	 4.32814417229591E-02 
2250	 7.37579009772719E-02 
2251	 8.83533923222922E-02 
2252	 0.1146541730932 
2253	 0.115556256244588 
2254	 0.101428878651363 
2255	 0.083971868221985 
2256	 5.59080999589594E-02 
2257	 4.42614258691711E-02 
2258	 3.37637703118553E-02 
2259	 0.030001750710731 
2260	 3.48990174691382E-02 
2261	 3.59760278693236E-02 
2262	 3.35483427096853E-02 
2263	 3.59013024545085E-02 
2264	 4.27614482584843E-02 
2265	 0.047724188543376 
2266	 0.05507279257011 
2267	 0.059343870422678 
2268	 6.29601091632808E-02 
2269	 6.40728207937988E-02 
2270	 0.064222968416808 
2271	 6.15015239119297E-02 
2272	 5.58764532947619E-02 
2273	 4.99997231608125E-02 
2274	 4.80091628827073E-02 
2275	 4.33349937279884E-02 
2276	 3.99070534990548E-02 
2277	 0.039369422237528 
2278	 0.038644471392039 
2279	 3.83987770010654E-02 
2280	 3.72500203182474E-02 
2281	 3.74268994442398E-02 
2282	 3.46617364153291E-02 
2283	 2.88258907986408E-02 
2284	 2.72073178444384E-02 
2285	 2.55328780266466E-02 
2286	 2.54433592369493E-02 
2287	 2.75720694459255E-02 
2288	 2.87244123546403E-02 
2289	 3.16863160610392E-02 
2290	 3.05367395740248E-02 
2291	 2.74526752494039E-02 
2292	 2.58081352086079E-02 
2293	 2.09707493138222E-02 
2294	 2.00925004960189E-02 
2295	 2.23452985273128E-02 
2296	 2.35235908998314E-02 
2297	 2.64223456670841E-02 
2298	 2.72769640832438E-02 
2299	 2.65249185390167E-02 
2300	 2.71087882444928E-02 
2301	 2.69092541566177E-02 
2302	 2.74683090274577E-02 
2303	 0.03019615371062 
2304	 3.20804456838689E-02 
2305	 3.35597555482462E-02 
2306	 3.64245507517515E-02 
2307	 3.48613870561177E-02 
2308	 3.28722486020722E-02 
2309	 0.027329114524199 
2310	 2.23613902536067E-02 
2311	 1.63390997980348E-02 
2312	 1.09615939396779E-02 
2313	 1.41703994253123E-02 
2314	 0.013335696165352 
2315	 1.80665291977106E-02 
2316	 0.035909189028593 
2317	 4.28063712073327E-02 
2318	 4.40091181786191E-02 
2319	 4.66638115434555E-02 
2320	 0.044629244716948 
2321	 4.38070982954664E-02 
2322	 0.043577441243515 
2323	 4.34544463237345E-02 
2324	 3.94609560304659E-02 
2325	 4.46241847233699E-02 
2326	 6.53018251264119E-02 
2327	 6.58637520802855E-02 
2328	 0.063599109083213 
2329	 0.057006461954568 
2330	 3.01457797358817E-02 
2331	 2.21003958150375E-02 
2332	 2.48268069917919E-02 
2333	 2.20043918695704E-02 
2334	 0.020028487680305 
2335	 2.13265495848863E-02 
2336	 2.42579105314592E-02 
2337	 2.32554466295206E-02 
2338	 1.89702068578939E-02 
2339	 1.88839648750152E-02 
2340	 1.81965876387979E-02 
2341	 2.01050063625633E-02 
2342	 0.029386551366213 
2343	 3.20936803746937E-02 
2344	 3.09379942623345E-02 
2345	 3.06051726800282E-02 
2346	 2.76482614072095E-02 
2347	 2.69773612904281E-02 
2348	 2.92487093455717E-02 
2349	 2.87146636402672E-02 
2350	 2.64871658362124E-02 
2351	 2.40869298478548E-02 
2352	 2.26115720756354E-02 
2353	 2.43675867862141E-02 
2354	 3.15222539186353E-02 
2355	 3.83003647102688E-02 
2356	 4.00203405284114E-02 
2357	 4.01992411029864E-02 
2358	 0.034996325765542 
2359	 2.72058433772058E-02 
2360	 2.97067398609278E-02 
2361	 0.031512626926715 
2362	 3.10474346652593E-02 
2363	 3.18649633195867E-02 
2364	 2.05405484349908E-02 
2365	 1.82909833647243E-02 
2366	 2.46072477122304E-02 
2367	 2.82321385554715E-02 
2368	 4.35364280981542E-02 
2369	 0.037118543296948 
2370	 2.44861002365795E-02 
2371	 1.78023506888346E-02 
2372	 0.011784580875902 
2373	 1.52304914635246E-02 
2374	 2.43148650440864E-02 
2375	 3.09506131341026E-02 
2376	 3.27776814183536E-02 
2377	 3.47537944607208E-02 
2378	 2.01305720305404E-02 
2379	 9.21474727507963E-03 
2380	 7.43776202143425E-03 
2381	 1.00169866431541E-02 
2382	 2.15805352033937E-02 
2383	 2.46040379473156E-02 
2384	 2.21205360729028E-02 
2385	 1.68512294254886E-02 
2386	 1.40604340083329E-02 
2387	 0.014627701827323 
2388	 1.90297321770603E-02 
2389	 2.81811242898566E-02 
2390	 3.27977301488721E-02 
2391	 3.37982706854753E-02 
2392	 2.46095232615604E-02 
2393	 1.62183843579261E-02 
2394	 1.37043888313774E-02 
2395	 1.02399991329991E-02 
2396	 1.44717149082006E-02 
2397	 2.28014021206402E-02 
2398	 2.94390150856287E-02 
2399	 4.15477261077085E-02 
2400	 4.56550632028169E-02 
2401	 5.52156471922728E-02 
2402	 4.97195132857972E-02 
2403	 2.85440653262079E-02 
2404	 2.09828363915119E-02 
2405	 5.37393353989725E-03 
2406	 7.05846352284014E-04 
2407	-3.98332494706184E-03 
2408	-1.01602819558068E-02 
2409	-1.09958014762589E-02 
2410	-2.09145259847933E-02 
2411	 0.004182045096063 
2412	 2.53793471230899E-02 
2413	 4.17101887020907E-02 
2414	 5.42961361988292E-02 
2415	 4.43510109412524E-02 
2416	 3.69121903956667E-02 
2417	 3.65686926862603E-02 
2418	 2.54032364845482E-02 
2419	 3.06540482351789E-02 
2420	 3.67069687892615E-02 
2421	 3.60208866372199E-02 
2422	 9.29740768620706E-02 
2423	 9.75979854407834E-02 
2424	 6.96231378158121E-02 
2425	 5.91207651625886E-02 
2426	 2.04833992886796E-02 
2427	 1.45831293580686E-02 
2428	 2.74519671210408E-02 
2429	 2.99470293737233E-02 
2430	 2.54663170777167E-02 
2431	 2.21621144017098E-02 
2432	-1.39015637416694E-02 
2433	-4.12917074315448E-02 
2434	 0.01142317767618 
2435	 3.73064614557806E-02 
2436	 0.083862576620012 
2437	 0.161184664518645 
2438	 0.140743978695403 
2439	 0.107304661868372 
2440	 0.07471453025022 
2441	 3.21665550727816E-02 
2442	 1.00999484921729E-02 
2443	 8.52004562441741E-03 
2444	 1.44716065195142E-05 
2445	-5.01465143944771E-03 
2446	 6.85678773223865E-03 
2447	-1.81260933269677E-03 
2448	-1.03453053609022E-03 
2449	 1.20620481748271E-02 
2450	 9.49411300455337E-03 
2451	 5.06908828055648E-03 
2452	 7.38363834508041E-03 
2453	 0.020060791493051 
2454	 3.97015002218785E-02 
2455	 4.93672608038712E-02 
2456	 4.30817302393998E-02 
2457	 3.35796726257047E-02 
2458	 0.013784158333506 
2459	-3.66309410281797E-03 
2460	 3.93084006585456E-03 
2461	 1.54508209392027E-02 
2462	 1.68241548878986E-02 
2463	 2.59839960905373E-02 
2464	 3.01302299595023E-02 
2465	 2.00980357671586E-02 
2466	 1.18079946944079E-02 
2467	-3.16362640602621E-02 
2468	-3.17539573003824E-02 
2469	-2.23818229037641E-02 
2470	-1.86481699256762E-02 
2471	-5.78184077922047E-03 
2472	 4.17556552814706E-03 
2473	 1.22245427370177E-02 
2474	 1.32314990341268E-02 
2475	 1.64216193747191E-02 
2476	 2.87227763467164E-02 
2477	 0.035216924032888 
2478	 3.12891862752852E-02 
2479	 2.04224382738673E-02 
2480	 3.35620294557247E-03 
2481	-1.90858280509361E-02 
2482	-1.29901500124309E-02 
2483	 4.64751100169812E-03 
2484	-1.19568235116903E-02 
2485	 5.12898967328588E-02 
2486	 7.08658914152216E-02 
2487	 4.36795780769381E-02 
2488	 0.036804159591479 
2489	 1.61133255043614E-02 
2490	 1.31666086700628E-02 
2491	 1.71175270056317E-02 
2492	 2.60340258899088E-02 
2493	 1.99438167663749E-02 
2494	 2.68465750554832E-02 
2495	 4.42418841707752E-02 
2496	 4.44868189493073E-02 
2497	 4.98707781778371E-02 
2498	 4.52374303125888E-02 
2499	 2.70600060506729E-02 
2500	 1.14110737263835E-02 
