ENVI ASCII Plot File [Tue Jul 18 15:59:10 2023]
Column 1: Wavelength
Column 2: Min: ROI #4~~2##255,0,0
Column 3: Mean-StdDev: ROI #4~~21##0,200,0
Column 4: Mean: ROI #4~~0##0,0,0
Column 5: Mean+StdDev: ROI #4~~21##0,200,0
Column 6: Max: ROI #4~~2##255,0,0
   890.493000  0.000000    0.000000   0.000000    0.000000    0.000000
   900.066000  0.000000    0.000000   0.000000    0.000000    0.000000
   909.638000  0.000000    0.000000   0.000000    0.000000    0.000000
   919.211000  1.439208    3.465798   6.109146    8.752494   10.568153
   928.783000  0.000000   -0.106335   3.806951    7.720236   12.105866
   938.356000  0.000000    0.000000   0.000000    0.000000    0.000000
   947.928000  0.805730    0.945987   1.108951    1.271915    1.366168
   957.500000  0.658725    0.676558   0.705064    0.733570    0.750812
   967.073000  0.638899    0.649384   0.661751    0.674118    0.680708
   976.645000  0.631162    0.640810   0.653750    0.666690    0.682783
   986.218000  0.605629    0.623700   0.633704    0.643708    0.659658
   995.790000  0.605513    0.618772   0.629235    0.639698    0.646860
  1005.360000  0.608231    0.616253   0.625477    0.634700    0.648135
  1014.940000  0.612662    0.619006   0.628562    0.638118    0.648304
  1024.510000  0.611675    0.621879   0.631533    0.641186    0.648734
  1034.080000  0.613844    0.622284   0.631543    0.640802    0.646691
  1043.650000  0.613148    0.621872   0.631609    0.641346    0.645874
  1053.230000  0.613636    0.620887   0.631765    0.642644    0.654504
  1062.800000  0.614081    0.619689   0.627915    0.636140    0.642923
  1072.370000  0.613025    0.621056   0.629695    0.638333    0.648997
  1081.940000  0.611373    0.622031   0.629519    0.637007    0.644596
  1091.520000  0.621351    0.626868   0.634055    0.641242    0.644144
  1101.090000  0.620188    0.622831   0.630740    0.638648    0.645993
  1110.660000  0.600916    0.616217   0.628124    0.640031    0.656519
  1120.230000  0.555581    0.588032   0.625284    0.662537    0.686993
  1129.810000  0.628620    0.680830   0.741872    0.802915    0.845931
  1139.380000  0.621986    0.635791   0.653886    0.671981    0.705075
  1148.950000  0.632903    0.651555   0.674888    0.698220    0.726465
  1158.520000  0.618960    0.629770   0.640904    0.652038    0.664771
  1168.100000  0.606146    0.617473   0.625527    0.633581    0.641847
  1177.670000  0.601093    0.607579   0.616560    0.625540    0.640295
  1187.240000  0.612038    0.619573   0.628661    0.637749    0.646359
  1196.810000  0.608657    0.619207   0.627762    0.636316    0.642121
  1206.390000  0.615482    0.621213   0.630870    0.640527    0.650451
  1215.960000  0.610374    0.620186   0.631198    0.642210    0.656732
  1225.530000  0.620073    0.625742   0.633388    0.641033    0.649118
  1235.100000  0.617851    0.622420   0.629885    0.637351    0.644847
  1244.680000  0.622536    0.628495   0.636036    0.643577    0.653411
  1254.250000  0.619293    0.628143   0.635974    0.643804    0.650157
  1263.820000  0.623526    0.632273   0.639846    0.647418    0.649790
  1273.390000  0.622362    0.631522   0.640363    0.649204    0.660084
  1282.970000  0.623776    0.629581   0.638165    0.646749    0.656400
  1292.540000  0.623304    0.630637   0.637686    0.644736    0.653477
  1302.110000  0.619961    0.624531   0.631870    0.639208    0.647880
  1311.680000  0.620675    0.626324   0.633330    0.640337    0.644940
  1321.260000  0.622761    0.628360   0.635174    0.641989    0.649681
  1330.830000  0.619086    0.628226   0.638629    0.649033    0.656394
  1340.400000  0.605201    0.617242   0.631247    0.645252    0.657028
  1349.970000  0.000000   -2.742342   1.465086    5.672514   23.598635
  1359.550000  0.000000    0.000000   0.000000    0.000000    0.000000
  1369.120000  0.000000    0.000000   0.000000    0.000000    0.000000
  1378.690000  0.000000    0.000000   0.000000    0.000000    0.000000
  1388.260000  0.000000    0.000000   0.000000    0.000000    0.000000
  1397.840000  0.000000    0.000000   0.000000    0.000000    0.000000
  1407.410000  0.000000    0.000000   0.000000    0.000000    0.000000
  1416.980000  0.000000    0.000000   0.000000    0.000000    0.000000
  1426.550000  0.000000    0.000000   0.000000    0.000000    0.000000
  1436.120000  0.000000    0.000000   0.000000    0.000000    0.000000
  1445.700000  0.567217    2.682049   3.916264    5.150480    6.384489
  1455.270000  0.666288    0.684739   0.719380    0.754021    0.789946
  1464.840000  0.630934    0.653195   0.690804    0.728414    0.781144
  1474.410000  0.705110    0.733393   0.795263    0.857133    0.881652
  1483.990000  0.672754    0.694339   0.719567    0.744794    0.768031
  1493.560000  0.651270    0.659194   0.676468    0.693742    0.706517
  1503.130000  0.636082    0.645103   0.656081    0.667059    0.684524
  1512.700000  0.633602    0.648678   0.663458    0.678238    0.688863
  1522.280000  0.619979    0.633973   0.645946    0.657919    0.664485
  1531.850000  0.625763    0.635922   0.645492    0.655062    0.673918
  1541.420000  0.636098    0.645475   0.658310    0.671145    0.689742
  1550.990000  0.632797    0.637530   0.644488    0.651446    0.661553
  1560.570000  0.623484    0.636564   0.647360    0.658155    0.667254
  1570.140000  0.630195    0.634642   0.643226    0.651809    0.659339
  1579.710000  0.629981    0.640137   0.650455    0.660774    0.670050
  1589.280000  0.623704    0.638830   0.646942    0.655054    0.661052
  1598.860000  0.626512    0.633254   0.641394    0.649533    0.654702
  1608.430000  0.626913    0.633987   0.644454    0.654920    0.666175
  1618.000000  0.627156    0.630967   0.638028    0.645089    0.653441
  1627.570000  0.612689    0.618435   0.627057    0.635680    0.645291
  1637.150000  0.608706    0.613399   0.621065    0.628732    0.637650
  1646.720000  0.573729    0.576311   0.584266    0.592222    0.604656
  1656.290000  0.516206    0.531169   0.542076    0.552983    0.558724
  1665.860000  0.482973    0.493311   0.498808    0.504304    0.508267
  1675.440000  0.487827    0.493113   0.500944    0.508775    0.517847
  1685.010000  0.521821    0.530270   0.537014    0.543758    0.551691
  1694.580000  0.548284    0.554510   0.562468    0.570427    0.574749
  1704.150000  0.544316    0.557195   0.569351    0.581507    0.595678
  1713.730000  0.542298    0.551216   0.559549    0.567881    0.575951
  1723.300000  0.534560    0.540622   0.548827    0.557031    0.567229
  1732.870000  0.534318    0.544421   0.551809    0.559198    0.565333
  1742.440000  0.540830    0.549785   0.559845    0.569905    0.577599
  1752.020000  0.549532    0.554766   0.568299    0.581832    0.607448
  1761.590000  0.583591    0.589364   0.596917    0.604470    0.612939
  1771.160000  0.571975    0.586997   0.611508    0.636020    0.664454
  1780.730000  0.566029    0.583923   0.599388    0.614853    0.627218
  1790.310000  0.581229    0.616461   0.648634    0.680808    0.701664
  1799.880000  0.000000  -36.157259  37.842467  111.842193  194.194168
  1809.450000  0.000000    0.000000   0.000000    0.000000    0.000000
  1819.020000  0.000000    0.000000   0.000000    0.000000    0.000000
  1828.600000  0.000000    0.000000   0.000000    0.000000    0.000000
  1838.170000  0.000000    0.000000   0.000000    0.000000    0.000000
  1847.740000  0.000000    0.000000   0.000000    0.000000    0.000000
  1857.310000  0.000000    0.000000   0.000000    0.000000    0.000000
  1866.890000  0.000000    0.000000   0.000000    0.000000    0.000000
  1876.460000  0.000000    0.000000   0.000000    0.000000    0.000000
  1886.030000  0.000000    0.000000   0.000000    0.000000    0.000000
  1895.600000  0.000000    0.000000   0.000000    0.000000    0.000000
  1905.180000  0.000000    0.000000   0.000000    0.000000    0.000000
  1914.750000  0.000000    0.000000   0.000000    0.000000    0.000000
  1924.320000  0.000000    0.000000   0.000000    0.000000    0.000000
  1933.890000  0.000000    0.000000   0.000000    0.000000    0.000000
  1943.470000  0.000000    0.000000   0.000000    0.000000    0.000000
  1953.040000  0.000000    0.000000   0.000000    0.000000    0.000000
  1962.610000  0.000000    0.000000   0.000000    0.000000    0.000000
  1972.180000  0.763673    0.831112   1.174032    1.516952    1.825327
  1981.760000  0.620337    0.648608   0.776399    0.904190    0.997165
  1991.330000  0.634471    0.650788   0.674745    0.698701    0.752052
  2000.900000  0.000000   -1.545701   0.652426    2.850552   10.042945
  2010.470000  0.000000    0.000000   0.000000    0.000000    0.000000
  2020.050000  0.784886    1.006993   1.121517    1.236041    1.325609
  2029.620000  0.597805    0.621782   0.674786    0.727789    0.793957
  2039.190000  0.633822    0.645365   0.666433    0.687500    0.705139
  2048.760000  0.612898    0.655640   0.705046    0.754452    0.768417
  2058.340000  0.628319    0.692547   0.751135    0.809723    1.008039
  2067.910000  0.650751    0.732685   0.775632    0.818579    0.855415
  2077.480000  0.566159    0.595111   0.655617    0.716123    0.766571
  2087.050000  0.575188    0.626574   0.690455    0.754335    0.761794
  2096.630000  0.609183    0.628321   0.656803    0.685285    0.716226
  2106.200000  0.514012    0.554352   0.613847    0.673343    0.741834
  2115.770000  0.520149    0.550829   0.573691    0.596552    0.613844
  2125.340000  0.430499    0.452545   0.495962    0.539380    0.566778
  2134.920000  0.443473    0.486812   0.522052    0.557293    0.570185
  2144.490000  0.413308    0.505587   0.531746    0.557904    0.589959
  2154.060000  0.405190    0.433997   0.489902    0.545808    0.583332
  2163.630000  0.469416    0.512008   0.561369    0.610731    0.683955
  2173.210000  0.440578    0.485247   0.555392    0.625538    0.657161
  2182.780000  0.501942    0.515257   0.620748    0.726238    0.882362
  2192.350000  0.495092    0.575487   0.627920    0.680353    0.704360
  2201.920000  0.617147    0.651097   0.819042    0.986988    1.107740
  2211.500000  0.467001    0.603019   0.653971    0.704923    0.752474
  2221.070000  0.413014    0.554980   0.805949    1.056917    1.292214
  2230.640000  0.179671    0.623850   0.854692    1.085534    1.352664
  2240.210000  0.000000   -8.116945  62.307862  132.732669  194.692001
  2249.790000  0.000000    0.000000   0.000000    0.000000    0.000000
  2259.360000  0.000000    0.000000   0.000000    0.000000    0.000000
  2268.930000  0.000000    0.000000   0.000000    0.000000    0.000000
  2278.500000  0.000000    0.000000   0.000000    0.000000    0.000000
  2288.080000  0.000000    0.000000   0.000000    0.000000    0.000000
  2297.650000  0.000000    0.000000   0.000000    0.000000    0.000000
  2307.220000  0.000000    0.000000   0.000000    0.000000    0.000000
  2316.790000  0.000000    0.000000   0.000000    0.000000    0.000000
  2326.370000  0.000000    0.000000   0.000000    0.000000    0.000000
  2335.940000  0.000000    0.000000   0.000000    0.000000    0.000000
  2345.510000  0.000000    0.000000   0.000000    0.000000    0.000000
  2355.080000  0.000000    0.000000   0.000000    0.000000    0.000000
  2364.660000  0.000000    0.000000   0.000000    0.000000    0.000000
  2374.230000  0.000000    0.000000   0.000000    0.000000    0.000000
  2383.800000  0.000000    0.000000   0.000000    0.000000    0.000000
  2393.370000  0.000000    0.000000   0.000000    0.000000    0.000000
  2402.950000  0.000000    0.000000   0.000000    0.000000    0.000000
  2412.520000  0.000000    0.000000   0.000000    0.000000    0.000000
  2422.090000  0.000000    0.000000   0.000000    0.000000    0.000000
  2431.660000  0.000000    0.000000   0.000000    0.000000    0.000000
  2441.240000  0.000000    0.000000   0.000000    0.000000    0.000000
  2450.810000  0.000000    0.000000   0.000000    0.000000    0.000000
  2460.380000  0.000000    0.000000   0.000000    0.000000    0.000000
  2469.950000  0.000000    0.000000   0.000000    0.000000    0.000000
  2479.530000  0.000000    0.000000   0.000000    0.000000    0.000000
  2489.100000  0.000000    0.000000   0.000000    0.000000    0.000000
  2498.670000  0.000000    0.000000   0.000000    0.000000    0.000000
  2508.240000  0.000000    0.000000   0.000000    0.000000    0.000000
